78 2 214 89 11 21 -1 -1 -1 0 
79 2 215 87 12 21 -1 -1 -1 0 
80 2 215 84 13 21 -1 -1 -1 0 
81 2 217 82 11 22 -1 -1 -1 0 
82 2 217 81 12 22 -1 -1 -1 0 
83 2 217 78 14 24 -1 -1 -1 0 
84 2 219 77 12 24 -1 -1 -1 0 
97 3 253 141 23 26 -1 -1 -1 0 
98 3 261 140 22 27 -1 -1 -1 0 
99 3 269 137 26 30 -1 -1 -1 0 
100 3 279 134 29 31 -1 -1 -1 0 
101 3 283 133 29 32 -1 -1 -1 0 
102 3 291 128 33 36 -1 -1 -1 0 
103 3 293 126 35 38 -1 -1 -1 0 
104 3 305 121 36 41 -1 -1 -1 0 
105 3 324 112 40 44 -1 -1 -1 0 
106 3 348 101 47 53 -1 -1 -1 0 
107 3 358 97 49 56 -1 -1 -1 0 
108 3 385 85 59 64 -1 -1 -1 0 
109 3 396 80 62 67 -1 -1 -1 0 
196 10 283 158 11 16 -1 -1 -1 0 
197 10 284 157 11 15 -1 -1 -1 0 
198 10 288 151 10 17 -1 -1 -1 0 
199 10 289 148 14 20 -1 -1 -1 0 
200 10 289 153 15 21 -1 -1 -1 0 
201 10 289 155 15 21 -1 -1 -1 0 
202 10 291 158 15 22 -1 -1 -1 0 
203 10 292 161 18 22 -1 -1 -1 0 
204 10 293 163 20 21 -1 -1 -1 0 
205 10 295 162 21 23 -1 -1 -1 0 
206 10 297 160 22 24 -1 -1 -1 0 
207 10 298 154 23 25 -1 -1 -1 0 
208 10 297 151 24 26 -1 -1 -1 0 
209 10 296 150 25 26 -1 -1 -1 0 
210 10 297 147 25 28 -1 -1 -1 0 
211 10 299 146 28 29 -1 -1 -1 0 
212 10 301 150 29 31 -1 -1 -1 0 
213 10 302 155 33 31 -1 -1 -1 0 
214 10 303 157 33 31 -1 -1 -1 0 
215 10 303 158 35 33 -1 -1 -1 0 
216 10 302 158 35 34 -1 -1 -1 0 
217 10 301 158 36 35 -1 -1 -1 0 
218 10 297 156 41 38 -1 -1 -1 0 
219 10 297 156 42 39 -1 -1 -1 0 
220 10 297 156 42 39 -1 -1 -1 0 
220 13 296 117 40 40 -1 -1 -1 0 
221 10 298 154 44 41 -1 -1 -1 0 
221 13 298 113 42 41 -1 -1 -1 0 
222 10 304 150 48 46 -1 -1 -1 0 
222 13 298 111 44 42 -1 -1 -1 0 
223 10 314 149 50 47 -1 -1 -1 0 
224 10 317 148 52 49 -1 -1 -1 0 
225 10 328 144 52 53 -1 -1 -1 0 
226 10 332 143 53 54 -1 -1 -1 0 
227 10 344 137 56 59 -1 -1 -1 0 
228 10 363 127 64 64 -1 -1 -1 0 
229 10 371 123 66 66 -1 -1 -1 0 
230 10 392 111 73 75 -1 -1 -1 0 
231 10 427 98 56 80 -1 -1 -1 0 
232 10 436 93 58 83 -1 -1 -1 0 
365 14 366 184 20 25 -1 -1 -1 0 
366 14 371 183 22 26 -1 -1 -1 0 
367 14 372 183 22 26 -1 -1 -1 0 
368 14 377 182 22 25 -1 -1 -1 0 
369 14 383 179 23 26 -1 -1 -1 0 
370 14 389 177 24 26 -1 -1 -1 0 
371 14 392 176 24 26 -1 -1 -1 0 
372 14 396 172 25 29 -1 -1 -1 0 
373 14 400 170 31 30 -1 -1 -1 0 
374 14 408 166 32 30 -1 -1 -1 0 
375 14 410 164 34 30 -1 -1 -1 0 
376 14 417 163 31 31 -1 -1 -1 0 
376 16 415 135 29 38 -1 -1 -1 0 
377 14 426 157 35 34 -1 -1 -1 0 
377 16 423 126 37 36 -1 -1 -1 0 
378 14 429 154 36 35 -1 -1 -1 0 
378 16 428 123 35 35 -1 -1 -1 0 
379 14 439 151 39 35 -1 -1 -1 0 
379 16 438 116 36 37 -1 -1 -1 0 
380 14 445 148 39 36 -1 -1 -1 0 
380 16 453 104 36 39 -1 -1 -1 0 
381 16 458 101 37 39 -1 -1 -1 0 
