3 1 726 252 65 77 -1 -1 -1 0 
4 1 726 252 66 76 -1 -1 -1 0 
5 1 726 252 66 76 -1 -1 -1 0 
6 1 751 242 69 80 -1 -1 -1 0 
7 1 759 238 72 82 -1 -1 -1 0 
8 1 792 223 77 89 -1 -1 -1 0 
9 1 803 217 79 92 -1 -1 -1 0 
10 1 843 200 91 107 -1 -1 -1 0 
11 1 858 194 95 112 -1 -1 -1 0 
12 1 863 192 97 114 -1 -1 -1 0 
13 1 864 192 98 115 -1 -1 -1 0 
14 1 915 173 113 129 -1 -1 -1 0 
15 1 935 166 118 135 -1 -1 -1 0 
37 2 694 291 22 30 -1 -1 -1 0 
38 2 695 295 20 30 -1 -1 -1 0 
39 2 695 295 20 33 -1 -1 -1 0 
40 2 695 295 20 34 -1 -1 -1 0 
54 2 707 301 22 43 -1 -1 -1 0 
61 2 716 311 27 41 -1 -1 -1 0 
62 2 720 315 27 39 -1 -1 -1 0 
63 2 721 316 27 39 -1 -1 -1 0 
64 2 722 316 26 39 -1 -1 -1 0 
65 2 723 318 28 42 -1 -1 -1 0 
66 2 724 319 29 44 -1 -1 -1 0 
67 2 727 324 32 42 -1 -1 -1 0 
68 2 729 326 31 42 -1 -1 -1 0 
69 2 734 327 31 41 -1 -1 -1 0 
69 4 734 288 29 33 -1 -1 -1 0 
70 2 736 328 30 40 -1 -1 -1 0 
70 4 737 287 28 33 -1 -1 -1 0 
71 2 736 325 34 44 -1 -1 -1 0 
71 4 737 284 31 37 -1 -1 -1 0 
72 2 737 324 34 45 -1 -1 -1 0 
72 4 737 283 32 38 -1 -1 -1 0 
73 2 738 318 36 49 -1 -1 -1 0 
73 4 739 281 32 40 -1 -1 -1 0 
73 5 738 279 33 65 -1 -1 -1 0 
74 2 739 316 36 51 -1 -1 -1 0 
74 5 737 274 36 69 -1 -1 -1 0 
75 2 738 308 40 52 -1 -1 -1 0 
75 5 736 268 38 74 -1 -1 -1 0 
76 2 738 305 41 52 -1 -1 -1 0 
77 2 736 298 42 55 -1 -1 -1 0 
78 2 736 296 42 56 -1 -1 -1 0 
79 2 735 295 43 57 -1 -1 -1 0 
80 2 735 295 42 56 -1 -1 -1 0 
81 2 735 293 46 58 -1 -1 -1 0 
82 2 736 293 46 58 -1 -1 -1 0 
83 2 742 293 48 58 -1 -1 -1 0 
83 5 742 242 47 56 -1 -1 -1 0 
84 2 745 293 47 58 -1 -1 -1 0 
84 5 744 242 44 54 -1 -1 -1 0 
85 2 745 302 54 61 -1 -1 -1 0 
85 5 744 238 45 54 -1 -1 -1 0 
86 2 746 306 55 62 -1 -1 -1 0 
87 2 746 313 62 62 -1 -1 -1 0 
87 5 748 256 53 54 -1 -1 -1 0 
88 2 748 316 61 62 -1 -1 -1 0 
88 5 750 258 53 55 -1 -1 -1 0 
89 2 748 317 62 62 -1 -1 -1 0 
89 5 750 259 53 55 -1 -1 -1 0 
90 2 748 317 62 62 -1 -1 -1 0 
90 5 750 259 53 55 -1 -1 -1 0 
91 2 748 316 63 66 -1 -1 -1 0 
91 5 748 258 58 57 -1 -1 -1 0 
92 2 747 316 65 67 -1 -1 -1 0 
92 5 748 257 59 58 -1 -1 -1 0 
93 2 742 317 71 68 -1 -1 -1 0 
93 5 745 251 61 65 -1 -1 -1 0 
94 2 741 317 72 68 -1 -1 -1 0 
94 5 743 249 63 67 -1 -1 -1 0 
95 2 741 317 71 68 -1 -1 -1 0 
95 5 742 248 64 69 -1 -1 -1 0 
96 2 741 317 71 68 -1 -1 -1 0 
96 5 742 248 64 69 -1 -1 -1 0 
97 2 738 315 74 72 -1 -1 -1 0 
97 5 737 246 71 68 -1 -1 -1 0 
98 2 737 314 75 73 -1 -1 -1 0 
98 5 736 245 71 68 -1 -1 -1 0 
99 2 738 313 76 76 -1 -1 -1 0 
99 5 738 240 70 73 -1 -1 -1 0 
100 2 737 313 78 77 -1 -1 -1 0 
100 5 737 239 72 73 -1 -1 -1 0 
101 2 737 313 78 77 -1 -1 -1 0 
101 5 737 238 73 74 -1 -1 -1 0 
102 2 737 313 78 77 -1 -1 -1 0 
102 5 737 238 73 74 -1 -1 -1 0 
103 2 737 309 89 82 -1 -1 -1 0 
103 5 737 236 74 76 -1 -1 -1 0 
104 2 738 307 91 84 -1 -1 -1 0 
105 2 748 303 98 91 -1 -1 -1 0 
105 5 749 219 94 87 -1 -1 -1 0 
106 2 751 302 101 93 -1 -1 -1 0 
106 5 752 216 96 89 -1 -1 -1 0 
107 2 770 299 101 96 -1 -1 -1 0 
107 5 753 214 99 90 -1 -1 -1 0 
108 2 777 298 101 98 -1 -1 -1 0 
109 2 779 298 102 98 -1 -1 -1 0 
110 2 780 298 102 98 -1 -1 -1 0 
111 2 796 292 109 103 -1 -1 -1 0 
112 2 803 290 110 104 -1 -1 -1 0 
113 2 805 289 111 105 -1 -1 -1 0 
114 2 806 289 110 105 -1 -1 -1 0 
115 2 829 278 115 113 -1 -1 -1 0 
116 2 837 273 118 117 -1 -1 -1 0 
117 2 872 255 127 126 -1 -1 -1 0 
118 2 884 249 131 129 -1 -1 -1 0 
119 2 889 246 132 131 -1 -1 -1 0 
120 2 891 246 132 131 -1 -1 -1 0 
121 2 927 224 145 149 -1 -1 -1 0 
122 2 940 216 151 155 -1 -1 -1 0 
123 2 998 192 114 165 -1 -1 -1 0 
124 2 1012 183 116 169 -1 -1 -1 0 
125 2 1017 180 117 171 -1 -1 -1 0 
126 2 1018 179 117 171 -1 -1 -1 0 
197 6 857 208 55 60 -1 -1 -1 0 
198 6 861 205 56 61 -1 -1 -1 0 
199 6 862 204 56 62 -1 -1 -1 0 
199 7 868 257 50 55 -1 -1 -1 0 
200 6 862 204 56 62 -1 -1 -1 0 
200 7 868 257 50 55 -1 -1 -1 0 
201 6 879 191 58 63 -1 -1 -1 0 
201 7 868 257 50 55 -1 -1 -1 0 
202 6 885 187 58 63 -1 -1 -1 0 
203 6 905 174 59 65 -1 -1 -1 0 
203 7 911 235 57 60 -1 -1 -1 0 
204 6 912 170 59 65 -1 -1 -1 0 
204 7 917 232 57 61 -1 -1 -1 0 
205 6 932 152 65 65 -1 -1 -1 0 
205 7 939 217 64 64 -1 -1 -1 0 
206 6 940 146 66 65 -1 -1 -1 0 
206 7 947 211 65 66 -1 -1 -1 0 
207 6 943 144 65 65 -1 -1 -1 0 
207 7 950 210 66 66 -1 -1 -1 0 
208 6 944 144 65 65 -1 -1 -1 0 
208 7 951 209 65 67 -1 -1 -1 0 
209 6 969 119 68 74 -1 -1 -1 0 
209 7 973 191 69 71 -1 -1 -1 0 
210 6 977 111 71 77 -1 -1 -1 0 
210 7 981 185 70 73 -1 -1 -1 0 
211 6 986 103 73 78 -1 -1 -1 0 
211 7 1008 162 81 78 -1 -1 -1 0 
212 7 1019 154 83 80 -1 -1 -1 0 
213 7 1023 152 83 80 -1 -1 -1 0 
213 8 1016 67 80 90 -1 -1 -1 0 
214 7 1024 151 84 81 -1 -1 -1 0 
214 8 1016 67 80 90 -1 -1 -1 0 
215 7 1033 145 86 82 -1 -1 -1 0 
215 8 1016 67 80 90 -1 -1 -1 0 
216 8 1055 31 77 95 -1 -1 -1 0 
291 12 585 173 30 60 -1 -1 -1 0 
292 12 586 170 28 60 -1 -1 -1 0 
293 12 586 170 28 60 -1 -1 -1 0 
294 12 586 170 28 59 -1 -1 -1 0 
295 12 586 161 27 63 -1 -1 -1 0 
296 12 586 158 26 64 -1 -1 -1 0 
297 12 583 149 29 61 -1 -1 -1 0 
298 12 582 146 30 60 -1 -1 -1 0 
299 12 584 133 30 59 -1 -1 -1 0 
300 12 584 128 30 60 -1 -1 -1 0 
301 12 584 127 30 60 -1 -1 -1 0 
302 12 584 127 30 59 -1 -1 -1 0 
303 12 585 116 29 69 -1 -1 -1 0 
304 12 585 113 29 72 -1 -1 -1 0 
345 14 920 347 52 60 -1 -1 -1 0 
346 14 920 347 52 60 -1 -1 -1 0 
347 14 931 341 52 64 -1 -1 -1 0 
348 14 934 339 53 66 -1 -1 -1 0 
349 14 943 336 58 68 -1 -1 -1 0 
350 14 947 335 58 68 -1 -1 -1 0 
355 14 965 326 66 68 -1 -1 -1 0 
356 14 973 323 65 68 -1 -1 -1 0 
357 14 992 313 70 70 -1 -1 -1 0 
358 14 999 309 71 71 -1 -1 -1 0 
359 14 1002 308 71 71 -1 -1 -1 0 
359 16 995 242 71 72 -1 -1 -1 0 
360 14 1002 308 72 70 -1 -1 -1 0 
360 16 995 242 71 72 -1 -1 -1 0 
361 14 1017 302 78 74 -1 -1 -1 0 
361 16 995 242 71 72 -1 -1 -1 0 
362 14 1023 300 80 75 -1 -1 -1 0 
363 14 1050 284 71 75 -1 -1 -1 0 
363 16 1047 207 76 78 -1 -1 -1 0 
364 14 1058 279 72 74 -1 -1 -1 0 
364 16 1054 203 76 79 -1 -1 -1 0 
365 14 1061 277 71 74 -1 -1 -1 0 
365 16 1056 201 76 80 -1 -1 -1 0 
366 14 1062 277 71 74 -1 -1 -1 0 
366 16 1056 201 77 80 -1 -1 -1 0 
